0 96
0 99
0 121
0 127
0 154
0 188
1 45
1 48
1 51
1 63
1 68
1 173
1 188
2 35
3 6
3 80
3 161
5 15
5 109
5 231
6 220
6 245
7 27
7 87
7 158
7 183
7 196
7 230
7 242
8 45
8 125
8 170
9 47
9 127
9 133
9 184
9 230
10 18
10 20
10 25
10 65
10 77
10 138
10 173
11 35
11 48
11 96
11 111
11 126
11 173
11 188
11 205
12 200
14 25
14 53
14 55
14 65
14 68
14 112
14 134
14 173
16 3
16 80
16 161
16 241
16 247
18 10
18 13
18 20
18 148
18 201
18 227
20 10
20 18
20 38
20 73
20 169
22 81
22 96
22 100
22 174
22 212
23 68
23 81
23 123
23 125
23 153
23 157
23 174
23 176
23 217
24 23
24 157
24 165
24 222
24 234
25 11
25 65
25 100
25 112
25 127
25 138
25 144
25 218
25 245
27 56
27 88
27 158
27 199
27 209
27 224
27 242
28 98
28 187
29 11
29 39
29 49
29 69
29 81
29 96
29 112
29 123
29 154
29 155
30 56
30 160
30 168
30 177
30 242
31 8
31 17
31 29
31 39
31 45
31 186
31 198
31 219
31 229
31 247
32 64
32 68
32 133
32 140
34 31
34 45
34 197
35 48
35 99
35 116
35 124
35 145
35 174
35 188
36 29
36 130
36 222
37 22
37 59
37 91
37 97
37 103
37 124
37 172
37 178
37 185
37 194
37 207
37 212
37 217
37 221
38 133
38 138
39 29
39 41
39 96
39 112
39 142
39 150
39 155
39 234
39 235
40 55
40 83
40 86
40 158
40 177
40 197
40 200
40 224
41 20
41 31
41 39
41 45
41 51
41 68
41 81
41 99
41 116
41 121
41 126
41 130
41 170
41 173
41 176
41 186
41 239
42 82
45 17
45 31
45 39
45 54
45 63
45 137
45 143
45 150
45 153
45 186
45 188
45 247
46 19
46 25
46 44
46 148
46 163
46 225
47 14
47 46
47 48
47 57
47 116
47 122
47 188
47 196
48 1
48 3
48 46
48 47
48 57
48 126
48 189
48 193
48 196
48 201
49 29
49 77
49 111
49 146
49 175
51 125
52 38
52 145
52 173
53 56
53 229
53 238
54 35
54 63
54 68
54 96
54 97
54 130
54 141
54 153
54 174
54 191
54 192
54 246
55 11
55 14
55 29
55 34
55 47
55 57
55 108
55 112
55 113
55 116
55 130
55 133
55 134
55 155
55 158
55 232
56 2
56 27
56 37
56 158
56 168
56 177
56 209
56 221
57 47
57 48
57 134
57 193
57 239
57 241
58 72
58 104
59 37
59 61
59 79
59 82
59 97
59 103
59 125
59 135
59 159
59 178
59 194
59 206
59 207
59 221
59 232
59 242
60 35
60 40
62 38
62 165
62 222
63 8
63 23
63 31
63 42
63 54
63 84
63 125
63 128
63 137
63 141
63 144
63 153
63 157
63 188
63 192
63 217
63 223
63 234
64 58
64 74
64 104
65 18
65 110
65 112
66 40
66 83
66 86
66 106
66 168
66 221
68 1
68 36
68 41
68 123
68 130
68 133
68 145
68 173
68 223
69 0
69 29
69 61
69 123
70 229
72 69
72 166
72 222
73 25
73 38
73 169
75 11
75 68
75 80
75 96
75 99
75 121
75 127
75 151
75 215
75 217
75 223
76 23
76 161
76 180
76 212
76 238
78 25
78 138
78 218
78 240
79 40
79 56
79 59
79 83
79 97
79 178
79 194
79 206
80 3
80 16
80 101
80 123
80 173
80 230
80 239
80 241
81 41
81 68
81 84
81 140
82 23
82 42
82 60
82 159
82 180
82 183
82 190
82 238
83 33
83 40
83 59
83 86
83 97
83 183
83 209
83 224
83 246
84 11
84 17
84 119
84 147
84 153
84 164
84 173
86 83
86 106
86 170
86 197
86 203
86 221
86 246
87 88
87 184
87 196
88 27
88 55
88 110
88 113
88 148
88 177
88 209
88 211
88 214
88 220
88 246
91 96
91 168
92 147
92 224
93 41
93 122
93 146
95 131
95 138
95 194
95 240
96 11
96 22
96 61
96 65
96 75
96 112
96 115
96 121
96 127
96 154
96 170
96 205
96 223
96 226
97 59
97 79
97 82
97 180
97 206
98 9
98 28
98 55
98 87
98 88
98 101
98 158
98 187
99 0
99 3
99 41
99 75
99 115
99 123
99 127
99 145
99 169
99 173
99 188
100 11
100 27
100 29
100 96
100 112
100 127
100 201
101 9
101 75
101 80
103 4
103 194
103 206
104 120
104 160
104 171
105 88
105 92
105 110
105 168
105 240
109 5
109 182
109 212
110 88
110 98
110 184
110 189
110 196
110 209
110 211
110 230
111 49
111 158
111 175
111 235
112 25
112 29
112 39
112 40
112 41
112 55
112 65
112 91
112 96
112 100
112 127
112 142
112 145
113 55
113 57
113 158
113 234
114 40
114 246
115 45
115 142
115 147
115 150
116 0
116 3
116 6
116 20
116 35
116 39
116 41
116 47
116 63
116 68
116 81
116 123
116 140
116 142
116 153
116 188
116 189
116 239
116 245
117 148
117 163
117 225
118 39
118 45
118 137
118 153
118 247
119 45
119 46
119 84
119 124
119 147
119 164
119 173
121 0
121 16
121 151
122 38
122 116
123 1
123 29
123 45
123 49
123 80
123 81
123 101
123 121
123 127
123 173
124 37
124 91
124 119
124 155
124 185
124 207
124 232
124 234
125 23
125 31
125 84
125 115
125 147
125 219
127 6
127 75
127 96
127 100
127 111
127 112
127 170
127 173
127 235
128 23
128 63
128 137
128 172
128 247
129 160
129 175
130 34
130 41
130 54
130 55
130 121
130 133
130 145
130 173
133 55
133 68
133 116
133 130
134 26
134 55
134 130
134 173
134 208
135 31
135 45
135 93
135 124
135 198
137 118
137 128
137 247
138 25
138 78
138 144
138 187
138 218
138 227
138 240
142 0
142 111
142 116
142 127
142 147
142 161
144 122
144 138
144 149
144 163
144 214
144 218
144 225
144 227
144 239
144 240
145 25
145 72
145 112
145 124
145 223
146 111
146 112
146 122
146 220
147 40
147 45
147 119
147 123
147 124
147 153
147 164
147 209
147 212
147 219
148 19
148 41
148 46
148 130
148 149
148 163
148 214
148 218
148 225
150 46
150 71
150 119
151 49
151 132
151 220
153 23
153 35
153 45
153 63
153 73
153 84
153 118
153 123
153 157
153 164
153 206
154 29
154 112
154 139
155 39
155 55
155 116
155 118
155 127
155 137
155 173
155 229
155 231
156 14
156 24
156 119
156 234
157 8
157 23
157 44
157 63
157 118
157 153
157 192
157 247
158 7
158 27
158 55
158 56
158 88
158 177
158 199
158 211
158 242
160 104
160 171
161 2
161 31
161 45
161 63
161 65
163 117
163 148
163 220
164 54
164 84
164 119
164 147
164 176
164 212
164 217
164 222
165 62
165 104
166 72
166 210
166 216
166 222
167 93
168 20
168 27
168 56
168 85
168 149
168 209
168 213
169 20
169 38
169 73
169 138
169 163
169 191
171 36
171 104
171 160
171 221
172 59
172 135
172 207
172 212
172 245
173 17
173 38
173 41
173 45
173 51
173 68
173 75
173 84
173 119
173 122
173 123
173 127
173 138
173 170
173 205
173 208
173 215
173 219
174 46
174 119
174 122
174 133
174 205
174 221
175 55
175 101
175 235
175 239
176 59
176 79
176 125
176 164
176 217
177 2
177 14
177 37
177 47
177 56
177 87
177 88
177 196
177 209
178 56
178 79
178 82
178 97
178 180
178 192
178 194
180 23
180 37
180 70
180 76
180 82
180 97
180 125
180 173
180 176
180 207
180 212
180 221
183 59
183 67
183 82
183 159
183 207
183 238
184 14
184 133
184 196
184 242
185 37
185 82
185 152
185 197
185 212
185 224
185 232
185 238
186 17
186 31
186 79
188 1
188 6
188 35
188 45
188 96
188 99
188 116
188 145
188 217
188 223
188 245
189 3
189 80
189 91
189 130
189 208
189 239
189 241
190 37
190 180
190 185
191 10
191 138
192 59
192 63
192 79
192 157
192 201
192 206
193 48
193 57
193 110
193 163
193 204
194 37
194 97
194 103
194 131
194 164
194 178
194 212
195 62
195 246
196 7
196 9
196 47
196 57
196 87
196 98
196 110
196 126
196 134
196 184
196 193
196 211
196 222
196 241
197 34
197 37
197 114
197 164
197 207
197 212
197 246
198 39
199 27
199 90
199 132
199 171
199 209
200 107
200 148
200 226
201 48
201 57
201 113
201 189
202 21
202 163
202 183
202 231
205 11
205 73
205 96
205 200
205 226
206 37
206 40
206 59
206 79
206 82
206 103
206 147
206 194
207 157
207 159
207 164
207 180
207 183
207 197
207 232
208 75
208 121
208 151
208 189
208 223
208 241
209 27
209 53
209 56
209 168
209 177
209 196
209 219
209 231
210 32
210 64
210 125
210 165
210 222
211 7
211 28
211 88
211 98
211 196
212 37
212 59
212 70
212 76
212 119
212 161
212 164
212 180
212 185
212 194
212 232
214 19
214 24
214 148
214 149
214 163
214 241
215 164
216 205
216 233
217 18
217 54
217 80
217 164
217 176
218 25
218 78
218 138
218 225
218 234
219 31
219 147
219 206
219 247
221 15
221 61
221 83
221 86
221 114
221 180
221 197
221 203
221 207
222 4
222 32
222 36
222 62
222 72
222 165
222 166
222 210
223 45
223 46
223 51
223 75
223 96
223 151
223 154
223 170
223 185
223 188
223 208
223 225
223 234
224 40
224 52
224 55
224 83
224 123
224 185
224 238
225 46
225 117
225 148
225 227
226 107
226 191
226 202
227 22
227 25
227 68
227 81
227 138
227 148
227 184
227 187
227 214
228 6
228 47
228 151
228 175
228 208
229 88
229 110
229 210
229 221
229 246
230 158
230 211
230 242
231 5
231 12
231 224
231 230
231 237
231 245
232 97
232 185
234 24
234 119
234 124
234 156
235 3
235 41
235 75
235 111
235 127
235 175
235 239
236 76
236 102
236 212
236 229
238 59
238 82
238 103
238 155
238 183
238 185
238 197
238 224
238 232
239 41
239 80
239 99
239 101
239 116
239 189
239 194
239 235
239 241
240 34
240 130
241 1
241 29
241 57
241 123
241 189
241 208
241 239
242 88
242 163
244 86
244 214
246 40
246 61
246 83
246 86
246 92
246 97
246 114
246 147
246 172
246 197
246 206
246 207
246 221
246 223
247 1
247 8
247 31
247 45
247 118
247 137
247 219
