2.331460250982005267e+00 7.405430724091692340e+00 5.866302860503726180e+00 5.592548299068673678e+00 4.585261400642576035e+00 3.931227875252054194e+00 6.456733411646976784e+00 5.430743504281907441e+00 5.032085714300198909e+00 4.893391657955667107e+00 5.309044834557300696e+00 3.452963599265359562e+00 3.384005601087021198e+00 2.659218941648717749e+00 6.499443331839977134e+00 6.149991300482448686e+00 6.357772580854710753e+00 7.356958139695627175e+00 4.857961217436486123e+00 5.632212283063377178e+00
3.368489983920860631e+00 6.114908533315359662e+00 5.228026086686940133e+00 6.598331068258756815e+00 3.713925467199556962e+00 4.332723725421203653e+00 5.858671224891298657e+00 4.065173647151755887e+00 4.245374237800754180e+00 5.008028449753743061e+00 3.586805267991427293e+00 4.489630866612342786e+00 4.666376333696753420e+00 5.049039777888848946e+00 5.396328657810569140e+00 5.174747833470373592e+00 4.244928843818373210e+00 4.483387619625636589e+00 4.190767216352334401e+00 5.370158807912100762e+00
5.794160081534185380e+00 2.450334767545956360e+00 4.417515060432262608e+00 4.279287053594079460e+00 5.807821098959639272e+00 4.927500346686329635e+00 3.392830893175747597e+00 5.686382249327620819e+00 3.555682663613813244e+00 4.080343634168704270e+00 4.287742372827359816e+00 6.064238836599596283e+00 6.118512197008553422e+00 5.682767952504901743e+00 5.635635987693082605e+00 5.732703439279635660e+00 5.315157600713834363e+00 4.789408817011334030e+00 4.494994393407445443e+00 6.055946245752586776e+00
5.771229171041093231e+00 5.356514317241037659e+00 6.065273439563483748e+00 5.262409422670602410e+00 6.153736356583543454e+00 3.310558676775789966e+00 5.521973487938115710e+00 5.703661029276484662e+00 3.356884485824136455e+00 4.913239898974114617e+00 4.105225134739626469e+00 4.057155104752490971e+00 7.408832351879420131e+00 4.938046427907790026e+00 4.902317571508642224e+00 4.255618060751713116e+00 6.448477146235070734e+00 4.355800648128630215e+00 3.522836505470649193e+00 5.766993527015956467e+00
6.315021053862454714e+00 5.281850156203421243e+00 5.872928673949878942e+00 4.281250719612296862e+00 3.206875952006697617e+00 4.433920143209642006e+00 4.966469412298742725e+00 4.582748380528920862e+00 5.571656438002235312e+00 4.868369805967960318e+00 4.176302721509758342e+00 4.432842647244592094e+00 6.780262302173040823e+00 5.044719209706194363e+00 5.857727646479266248e+00 3.482931648570159133e+00 4.877500012596513557e+00 5.299419290953832018e+00 5.317313318856683679e+00 4.346410183119939319e+00
5.651603575322879713e+00 6.116664706066416990e+00 5.361125760702885046e+00 4.945908947046993909e+00 3.544522281863129898e+00 4.909266430087828148e+00 5.347681989185486984e+00 4.531349233565600265e+00 4.195920984926660324e+00 5.383816461825270849e+00 5.292554546888964317e+00 6.287401392199779337e+00 4.653130961752056649e+00 5.553020299921751501e+00 6.248968545586830459e+00 5.207598320791882784e+00 5.682766548730137757e+00 3.991183146905651569e+00 4.893211454258405979e+00 4.277922993275216967e+00
5.543486447591117638e+00 4.272546525223900105e+00 5.830110595498268822e+00 5.827982757744758047e+00 4.337413402166558463e+00 4.007100681572844714e+00 4.260561125820939488e+00 4.718243019569936081e+00 4.898031891196419352e+00 4.746585646973337624e+00 4.355765389234631968e+00 4.346366207460836684e+00 3.572048231076851543e+00 4.255752105994954348e+00 5.872483964451724603e+00 4.127056193583618082e+00 5.654757352705606088e+00 4.105145568302517312e+00 4.928779308236339141e+00 5.302455585555728490e+00
3.420700395013883011e+00 6.159512220465413357e+00 4.359913495453154653e+00 5.618606629502140848e+00 4.174442619771334684e+00 4.987249027240910237e+00 2.517439718487499700e+00 4.869283803660344745e+00 5.920883921275334139e+00 5.742566428409372925e+00 4.458360672453864026e+00 5.027667129040562344e+00 4.409797688261267723e+00 6.662727443398088312e+00 6.220845875205288422e+00 7.146928541407602253e+00 4.269746476901843835e+00 3.953467226643684107e+00 4.017442980311274781e+00 5.717157583542590515e+00
5.498370250861436936e+00 5.660250474586237424e+00 3.657276785295657362e+00 5.315379929130641834e+00 1.627036242512342579e+00 7.009502532398585117e+00 4.426570588422115371e+00 5.233493121504356083e+00 5.063280515925378644e+00 5.313221497276141569e+00 5.518661624999264603e+00 5.390800332363443914e+00 6.289240500424247315e+00 5.874417770588346244e+00 5.092136401287254088e+00 5.846289599626972588e+00 5.634265856793831517e+00 2.593581886344761944e+00 2.992035172074188232e+00 7.239426511533357811e+00
4.855741624217802865e+00 5.547346568435915337e+00 3.467768158362235731e+00 4.703729860644212835e+00 2.857778969922232015e+00 5.300761488159922763e+00 2.612863167138923526e+00 3.843777662036282017e+00 3.182619183486531611e+00 4.791073742138856950e+00 5.110522159581500468e+00 4.136939978765539649e+00 3.813507068045935977e+00 5.395402006910642534e+00 3.125898192850904866e+00 4.279214224367017039e+00 4.899765792775634843e+00 5.903443959567732158e+00 4.835068033520098396e+00 5.571831937027123871e+00
5.390719965337929409e+00 5.790554184596611087e+00 7.000749347504638287e+00 4.004695450569736082e+00 3.967296553525527347e+00 3.235127888804085750e+00 5.475018793667667971e+00 5.183183610375631467e+00 3.766581965984102887e+00 4.864623482796575971e+00 4.086530965129139048e+00 3.156632406245676314e+00 5.379844733146323499e+00 1.454743504326041936e+00 5.993072413185971392e+00 6.371579274602867216e+00 5.646790797904621684e+00 6.518320392792423590e+00 6.361417911152919658e+00 5.523063949495989000e+00
5.770572187592736491e+00 3.713203413097855954e+00 7.880896849979142083e+00 7.418079453188778594e+00 6.891167863722997389e+00 3.833179466998505536e+00 3.694261947645848032e+00 5.087047553447388459e+00 5.943916325780778109e+00 3.847580444637990205e+00 4.937357928773366211e+00 5.339193811254971500e+00 3.802230886845492819e+00 4.404263800332602230e+00 4.758024637326136563e+00 4.223536933052774778e+00 4.330843582621485055e+00 6.931719808858468390e+00 6.073951375383193074e+00 3.860543196641433639e+00
6.456197046099703130e+00 2.333351991531246838e+00 5.021229765598604899e+00 5.503857956536309715e+00 6.324152025223210849e+00 6.439530089883369612e+00 4.910337067027612967e+00 4.949069566403499820e+00 6.266891636387058817e+00 3.527704230464156154e+00 4.452320991513406767e+00 5.168706422326610372e+00 5.270314044804716325e+00 5.307190248454661585e+00 5.524211579752053680e+00 5.954384215759206178e+00 3.564034857912350418e+00 4.744436937886332473e+00 2.538274486525657458e+00 5.394683642085595032e+00
3.003931887691617675e+00 5.245128517647239974e+00 4.583995604089668774e+00 4.409172377469402271e+00 4.556524511537969779e+00 4.429056393616045639e+00 3.398625931781980025e+00 3.995129090751616374e+00 3.667036979044968614e+00 5.183238290199184917e+00 5.278143111874230797e+00 5.303213013113970753e+00 6.362376465383670521e+00 4.418575445743181618e+00 4.444955530648676323e+00 5.010577867888519776e+00 3.805120977336852839e+00 4.565639763466196044e+00 6.748180079375099005e+00 2.609805570736990266e+00
5.220051712741261341e+00 5.086680186247663826e+00 4.566603029735871289e+00 4.968840695838383503e+00 5.147464048407005777e+00 5.701941764214995878e+00 5.168407340571012476e+00 4.710417814442385165e+00 5.265705983511716148e+00 5.372830666586864368e+00 6.530813713249802532e+00 4.332835055940084779e+00 5.473313029793284379e+00 4.541147935451309792e+00 4.815179356970829438e+00 3.750135876946683489e+00 5.232590350560783143e+00 6.191112587504298936e+00 5.009459906591578360e+00 4.652274994374995920e+00
5.500011859095627287e+00 4.137898953023658066e+00 5.535466089208322060e+00 5.036223351024592176e+00 4.334486900877252857e+00 6.345749262399152713e+00 4.409825204109919738e+00 5.972640678173642748e+00 5.238364532051969391e+00 6.637958723483876611e+00 6.064148077150140814e+00 5.932402424578516964e+00 5.582860352776526369e+00 3.158820745097118632e+00 5.635525765448683444e+00 3.766389706025423667e+00 5.950645978635603406e+00 5.687002793718624716e+00 6.475238446763349032e+00 5.295075546426786239e+00
6.056539971460256133e+00 4.200816269654360724e+00 5.281767734768387790e+00 6.916585221374267789e+00 2.925389389165494958e+00 5.630311640383165006e+00 5.311096893374849692e+00 5.948396578567741066e+00 5.773317422986031566e+00 4.236930131336709593e+00 6.641519141698176476e+00 5.571179153302082909e+00 4.406017693337296315e+00 5.451930195837663362e+00 5.062678878793857251e+00 6.352630079142286057e+00 4.578010796479418332e+00 4.605257109780160008e+00 5.260189332883484781e+00 6.021430078086799753e+00
2.824926707854553243e+00 4.134750655913475015e+00 4.867115358250731383e+00 4.818001530525428677e+00 5.192066152348200347e+00 4.163286413885453285e+00 4.878744507728199231e+00 3.232227862246109140e+00 4.559160535242238410e+00 4.742078685186286613e+00 5.690892440485948889e+00 6.865741936402550039e+00 4.730414955689536960e+00 4.565692611023765224e+00 5.401150260352983956e+00 5.473650349896334255e+00 4.097633718827990990e+00 5.177011821445157480e+00 3.752855773393656058e+00 5.347438014725713451e+00
4.708394928996173512e+00 5.221991981539614081e+00 4.960013997284374199e+00 5.455944739688463940e+00 4.843603292973250873e+00 5.005768635123650334e+00 5.583166472097105704e+00 4.497424671851042888e+00 5.985584064583597375e+00 4.104468515776364512e+00 5.344911837102327645e+00 4.110862804343271115e+00 4.896672662130487019e+00 3.739314530935414993e+00 5.218831088772726723e+00 6.874074131634625218e+00 5.975704259221755521e+00 5.017534837838314665e+00 5.456101976541472887e+00 5.904464768668984398e+00
4.535627363856266747e+00 4.773376632453093293e+00 4.726420790458012000e+00 4.609653593734842403e+00 4.863019260504176877e+00 4.721503582783710407e+00 4.029885667307826047e+00 6.542982087512252853e+00 5.959474800314422893e+00 3.196918506397680826e+00 4.525081389342529015e+00 3.533826733568236733e+00 3.766604341444756976e+00 7.371957430127055844e+00 5.405121341551391900e+00 5.326095103765260852e+00 4.024004994053591133e+00 4.986810047785683153e+00 6.081536445697917515e+00 5.744531005967127513e+00
7.958929693433414165e+00 6.379016940534381064e+00 4.246989787276151951e+00 5.740988303282758665e+00 5.166020435779725695e+00 5.443702143348566835e+00 3.066537722796300436e+00 3.859784056799586693e+00 4.801723087884195884e+00 5.474676183677245511e+00 7.661094238187170724e+00 6.016968273248461507e+00 4.735193365452876613e+00 3.529591822855524086e+00 5.541982820167646651e+00 6.390053956271122715e+00 4.171401772606250447e+00 4.113405593012063655e+00 4.886231234651812194e+00 4.669022103687675340e+00
3.582545827397686011e+00 5.455855156744533474e+00 3.377261778038315398e+00 6.176076269110524208e+00 5.916008977630913712e+00 4.889341987758395014e+00 5.377188119013073475e+00 5.566390811704218677e+00 5.664058338817972604e+00 5.825897434505042050e+00 5.588341844805828629e+00 4.435478118127559100e+00 6.076982208709524436e+00 4.136062402140441741e+00 4.100010944268704272e+00 3.499224799594315094e+00 5.386568217988435769e+00 5.613288876801938443e+00 4.513603934909986570e+00 4.566765330989857929e+00
5.956812104902305727e+00 4.917487326667531633e+00 4.557503953505501748e+00 5.421311038726859266e+00 5.631483104918166838e+00 5.053861248172325737e+00 3.468665222200801868e+00 5.792370711228156388e+00 5.021563469635541566e+00 3.989310933973622575e+00 5.089473644007442843e+00 5.418181325103486046e+00 5.926043756972422472e+00 3.455289828781014538e+00 5.760287462633838729e+00 5.390563708411327148e+00 3.790624237882386005e+00 5.392562680395706742e+00 6.955707430590052809e+00 3.296379218605025585e+00
5.234818634554809336e+00 5.666200445724631329e+00 5.702921350957359081e+00 4.573795959397466859e+00 5.313420499708660039e+00 5.174323838595695335e+00 7.262147760969217103e+00 4.333579482494105406e+00 5.975962449593977155e+00 5.991400967464443283e+00 2.333523112410401890e+00 5.547278003483580022e+00 5.917920545465017668e+00 2.604330717526174066e+00 5.308750019863428093e+00 4.652222665220516085e+00 7.004118752777074519e+00 5.438645052563183313e+00 4.179601437087985261e+00 6.577786955529069779e+00
5.406840761441363163e+00 7.013982842488715619e+00 6.153791732734799957e+00 4.842455273651255609e+00 5.018713989308950296e+00 4.970123210902297473e+00 4.462668350814141149e+00 3.126022671985675849e+00 4.577671288103878133e+00 3.480851320069477950e+00 7.605391785336371058e+00 6.663350738051227573e+00 4.778767449675631163e+00 4.388687719658189934e+00 5.980935703231187617e+00 4.718228617118898072e+00 4.705726842983957603e+00 4.177637645295208202e+00 6.068811919691782464e+00 4.266720338689177439e+00
2.734081494695848491e+00 5.188845353458568788e+00 5.848173784295384259e+00 4.643054566903182412e+00 4.473246138978218767e+00 5.121872754787581528e+00 4.350788695779041149e+00 4.425142771428424382e+00 4.424259870319966481e+00 5.448650708974357215e+00 7.189360736530042928e+00 4.272057107146035371e+00 6.940065488586771636e+00 4.362096142859066106e+00 4.902725818775204303e+00 5.320564411546698125e+00 3.828908421814844143e+00 4.127290745057939247e+00 7.091675628855401925e+00 5.238730986981901872e+00
3.999908636817371743e+00 6.396833473058461728e+00 4.973585975462176734e+00 5.285352753567432949e+00 6.003691931955097871e+00 3.724846620320271029e+00 3.021400763277101387e+00 4.474040343905321571e+00 4.850659980016213346e+00 6.710392335503628125e+00 3.771249415233634661e+00 4.405443783401961966e+00 4.813239712170822138e+00 5.022399340620828490e+00 5.244713356880601474e+00 4.943486735548535016e+00 5.507702637755552466e+00 6.323809621209839804e+00 4.388179182255871780e+00 5.160848152134742683e+00
3.429460342204304624e+00 4.617582583494479032e+00 5.550057449514192776e+00 4.652550077646091076e+00 4.186470683832055784e+00 4.087654668163587246e+00 4.746046946828866631e+00 5.861550639812643126e+00 6.229571415010474844e+00 4.313503025174385996e+00 4.804165773805457285e+00 3.245287956023383380e+00 4.320255310236919222e+00 4.393351387634523597e+00 6.188416991956078306e+00 7.132593429305623012e+00 4.044242002575459516e+00 6.062758218242422004e+00 5.150270421899456608e+00 5.735355056066795854e+00
5.345907653087225597e+00 5.232870340629133032e+00 5.230319990466751889e+00 4.505051185675862158e+00 3.372235461856492922e+00 3.472153984757113676e+00 4.577396712188920525e+00 5.317625394502790037e+00 4.073181906210274761e+00 3.469111993018791917e+00 4.910036846041905712e+00 4.944258518917637346e+00 5.297209541902052621e+00 6.003427594247463972e+00 4.225738604444554625e+00 5.462781288606639585e+00 4.926091013794065887e+00 4.843939704480831665e+00 6.730905943683884729e+00 4.375042881381810744e+00
6.218182884964070567e+00 6.298611162083842530e+00 4.761163742054097092e+00 6.001624451481340827e+00 5.050931664555662337e+00 4.683152737717075631e+00 6.995425801118303255e+00 6.355859730195351887e+00 3.917671101511882803e+00 6.468851239315474011e+00 5.540780038369822691e+00 5.511241328964692876e+00 4.596203989175177362e+00 6.373727262477772548e+00 4.121228561730642781e+00 6.337808886220396509e+00 3.451154586530454260e+00 3.439619264908661656e+00 4.909613593374126950e+00 5.190550965310193554e+00
5.536258310000492955e+00 7.000324273702704936e+00 5.420422502437170387e+00 6.646483104144007115e+00 4.915925244567289631e+00 4.386707121039236768e+00 4.084074979494896063e+00 5.421036081256930039e+00 5.129010557794061675e+00 4.457326841413687291e+00 4.548229993328772203e+00 5.095674099962269388e+00 4.995947943697594873e+00 4.913505937539651924e+00 4.333985155763101282e+00 5.638311446600240195e+00 5.477763836751710969e+00 4.370736399517760162e+00 4.856760268396658198e+00 4.986985415179479020e+00
4.963837137071197780e+00 6.390644268454482635e+00 6.376336518508818330e+00 5.198429009888409169e+00 4.722643094810569764e+00 4.636483484623545870e+00 3.514396354007382151e+00 3.535869422364100956e+00 3.681809812492746303e+00 3.503487999633825734e+00 3.451747270167681236e+00 4.080147829528390169e+00 3.761672519052810415e+00 4.209977254931834167e+00 4.211332113782975561e+00 4.066525362881296068e+00 3.530998268241015925e+00 3.491023560116344626e+00 4.579399657863383766e+00 5.448494151686669618e+00
5.260079886956096296e+00 3.523257142377070217e+00 5.179862061564281639e+00 4.416215678867588146e+00 3.667812041621967278e+00 4.917074435082396278e+00 4.961371336244391195e+00 5.715060385598203396e+00 5.868704362247613382e+00 5.615241277095936567e+00 5.620836713167357779e+00 3.853495180387728425e+00 5.308381399939244183e+00 5.912338543351220999e+00 4.406087684008239691e+00 3.162726688360067762e+00 4.039485722133053791e+00 6.216590840045182809e+00 4.752373840033684793e+00 5.304057924176722061e+00
5.258816502791507475e+00 5.379426487348064612e+00 4.649204620818296441e+00 4.955434139358614765e+00 4.728577782026043508e+00 6.822166283546659216e+00 5.939483870669879373e+00 4.079905269340832419e+00 5.187084803122853138e+00 5.941162189370846392e+00 5.288581924167271353e+00 6.935166656024997600e+00 4.551670171232996331e+00 5.483973687623816318e+00 5.168406238180956791e+00 6.732429859816699391e+00 5.284297256523753816e+00 2.854454256310704263e+00 3.947767101024875380e+00 6.192440929272045480e+00
6.293109372872923046e+00 6.576385636475892582e+00 5.613931208118748906e+00 2.990779658114915751e+00 5.019652947387405639e+00 3.797757768635051878e+00 4.724179509438314994e+00 6.183598513525265794e+00 5.621902074177737241e+00 4.637821751161776973e+00 5.824868612268953250e+00 6.223117285935399146e+00 4.857769735940150824e+00 4.064972286117115807e+00 6.090750435032703081e+00 7.484603779699929405e+00 5.160074953722891600e+00 5.156102501607409572e+00 4.968405418930636586e+00 6.408175604206663323e+00
4.636983424975926305e+00 4.010556200673891958e+00 5.165166488569447267e+00 5.142286242170961863e+00 5.268540829980103979e+00 5.630816942333617625e+00 5.847953412390772598e+00 3.963817480328959419e+00 4.848213194086560485e+00 5.012425800518926167e+00 7.106975119858280010e+00 4.359350106660396129e+00 4.786961916320167987e+00 5.116132924711066288e+00 4.364920941031086521e+00 3.866197406721818552e+00 6.538089623830635411e+00 5.788096930676301710e+00 4.256405585633538102e+00 7.300583509968874729e+00
3.160876570591727219e+00 3.540432278845243808e+00 5.562934911406883565e+00 5.224623602280335177e+00 4.593187656466772850e+00 4.636557625383603387e+00 5.966447331396188325e+00 4.777945454023282856e+00 4.586196122901834649e+00 4.584288684091927024e+00 5.694937845759313610e+00 5.580651799432968296e+00 5.400323876043877647e+00 5.373185040751883967e+00 6.042672177509927245e+00 8.412291309566960251e+00 5.414837361700204355e+00 4.799712289725357017e+00 4.200518311626598056e+00 5.267929943579429342e+00
5.349154292496363539e+00 5.608025114100909647e+00 6.693702413783710448e+00 5.451496476453227658e+00 6.433144317171258564e+00 5.376986512008082642e+00 4.245365093495860442e+00 6.425047624310723293e+00 2.687775419696817103e+00 4.735457924285844555e+00 5.559281586087856830e+00 5.649844992811631883e+00 5.035501573954225485e+00 5.507048179128439358e+00 5.211422970755149819e+00 4.392138529073984721e+00 4.975733804915273062e+00 5.832621485416218832e+00 4.489550465260670364e+00 3.126543105531136124e+00
3.941691464622108843e+00 4.031673755934422232e+00 3.607719301631617803e+00 6.060185658091775451e+00 4.015286878764383616e+00 4.940147527183369469e+00 3.218249592781468049e+00 5.749896406024406659e+00 3.238722947703675636e+00 4.857120994715947937e+00 5.295212467549805346e+00 5.946147519397535497e+00 4.767966658858737716e+00 5.912413313855793717e+00 6.132722522464708170e+00 4.956445135765038756e+00 4.772494984724132472e+00 5.204554872319823389e+00 3.346863694627919550e+00 4.487899698397850301e+00
4.405221981683401289e+00 3.294963636721899736e+00 4.383471058353832994e+00 6.360977955730550804e+00 5.369273578527947954e+00 3.747746249396382012e+00 4.103470095349909919e+00 3.106351685562271037e+00 5.929070609317852458e+00 4.810003082141181885e+00 4.208483528111925054e+00 7.180265621207119864e+00 4.863345745753781202e+00 5.938000757040014399e+00 5.440587005946706967e+00 6.043579954901534990e+00 4.704269301476680099e+00 4.730549592519794899e+00 4.570335036982901222e+00 5.400810466357930828e+00
4.970457846813884473e+00 6.225707181286873393e+00 4.805260793644323236e+00 6.095239265303161069e+00 5.294440114756546301e+00 3.703559994842744452e+00 4.945112303574701329e+00 4.247825049969185862e+00 5.440476371714673576e+00 4.113438994285504968e+00 4.301056001143440000e+00 5.929251476694714640e+00 4.452716745599697212e+00 3.860103443708295501e+00 4.554672410994186293e+00 6.315049025349605216e+00 5.828735224663363468e+00 5.979343201854385725e+00 6.613796672977851898e+00 4.685187901525748266e+00
4.708451268712234850e+00 4.401155532035383899e+00 4.924255305244800596e+00 5.356839813069161238e+00 6.598008212685702922e+00 5.460142142774760288e+00 6.713362746725723973e+00 4.207036153453147520e+00 3.749879209764989785e+00 4.867708531430285035e+00 5.126925336787453880e+00 5.834711992722348306e+00 5.045876341124712283e+00 4.551617313843618007e+00 5.951427008727521617e+00 4.134461479719650612e+00 5.099471692396521760e+00 4.681187729081229598e+00 3.667880117745107249e+00 4.981813810147630583e+00
5.938415369879765038e+00 6.765849845087026360e+00 6.025850374208103766e+00 4.401972722517933256e+00 3.818949109851426993e+00 5.115514944622273852e+00 4.261654389166911194e+00 5.364581722820660481e+00 5.239594772401305889e+00 4.176596513731523963e+00 5.722274412107443808e+00 4.196911359233719274e+00 4.585893543886656154e+00 4.778400210722846708e+00 3.950557787429912260e+00 5.455951755101717815e+00 5.263541618936159239e+00 5.421721167835208632e+00 5.793707299944876432e+00 6.354606536698961250e+00
6.011886390060786844e+00 6.983800303335547355e+00 6.392300466548896054e+00 5.070216952104392938e+00 3.607217362674743466e+00 4.581854142479120817e+00 3.800588988300149573e+00 6.154881386568134438e+00 4.083653116424539320e+00 4.387917174009039023e+00 5.543730946830218720e+00 6.533846482813435941e+00 5.430069692684839744e+00 4.640594152097318847e+00 4.602458731234155387e+00 5.184817492839106201e+00 6.834875583127058896e+00 6.243513159755152309e+00 3.123279986189125168e+00 6.144808733063753969e+00
6.618730992677134495e+00 3.375806161706177200e+00 3.783074791790242752e+00 4.317361531367001071e+00 4.999387483256637843e+00 4.088473563464541272e+00 5.126179894554371508e+00 5.553605274055241736e+00 5.404733399232480195e+00 4.909486965256893320e+00 3.064696833114381569e+00 3.741163653768217578e+00 6.856755912972690048e+00 5.745129747008612675e+00 4.513736211212633798e+00 3.643898998960150681e+00 5.292735914842785050e+00 7.058224945730557920e+00 4.858647860165829613e+00 4.550694765450653989e+00
4.221682485168737564e+00 5.653710314592743202e+00 6.256811737346795965e+00 3.237715853941551813e+00 3.848361449297802217e+00 6.975791620912744406e+00 3.762889340017542494e+00 5.130048936467089149e+00 4.390946734036843324e+00 6.305607523838423489e+00 3.688007081976864221e+00 5.233907940626099986e+00 5.321429950721475066e+00 6.487366710881022236e+00 3.375292932946055480e+00 3.981098097011534165e+00 4.606954845684726685e+00 5.321123501963120894e+00 5.287441649417819356e+00 4.183141364519968874e+00
5.359606466587513829e+00 4.698424235635672019e+00 5.482403929348350857e+00 4.763523241231450989e+00 4.129346306486228357e+00 6.986122947563076835e+00 5.309561277423352266e+00 4.706720288375874972e+00 3.933927775303371455e+00 5.937817010159103681e+00 5.330781815175984484e+00 6.145836804000668785e+00 4.036055134899514840e+00 5.439713318128563735e+00 4.342522112993479233e+00 6.586143159663878421e+00 4.143380340192210021e+00 3.706048923429727804e+00 6.026378554325821923e+00 4.323878115236161612e+00
3.851144149085949486e+00 2.680693069013891261e+00 3.963912825998957778e+00 5.107634648327077365e+00 4.416225006265452002e+00 4.739647685112050368e+00 4.713663956151285639e+00 5.089587039292538861e+00 3.761444925052581212e+00 4.257279487229444825e+00 6.053941256156269546e+00 3.893190616231643641e+00 4.534392529811911210e+00 3.862248513105765557e+00 4.314847420145792256e+00 6.045096353029248526e+00 4.740092092770984422e+00 5.549384506704980069e+00 4.557373519928448857e+00 4.597650739439195000e+00
4.350154985396427421e+00 3.530212242297588787e+00 5.417444971054003133e+00 4.607100649266209658e+00 5.390947501069770276e+00 6.233138822994289008e+00 6.388104984242979789e+00 4.814552451030404967e+00 5.301617415926739518e+00 4.941587165583767316e+00 3.005708884484078247e+00 5.173385113959020565e+00 5.710646270700722837e+00 5.148203099649287573e+00 3.682347502278308760e+00 6.630008263999857654e+00 5.869767983641112075e+00 5.920853512642780814e+00 4.252616617653312225e+00 5.042959093290887651e+00
4.085071649742355149e+00 5.030134552368805245e+00 4.293793024308038220e+00 4.700016502922485628e+00 3.500941687958918802e+00 4.759491199195021061e+00 4.480486403703807241e+00 4.535650807845748922e+00 2.859720691520327041e+00 5.079581236123133614e+00 3.205166171933571562e+00 7.092094918308233353e+00 6.376690090656101262e+00 4.467954940426126953e+00 5.571952661771110371e+00 5.137639653837962506e+00 5.319089502717673668e+00 3.989879593479949804e+00 4.438755110884041954e+00 3.684271339642406051e+00
